15836.1963424
2973.94442119
3060.97645119
3087.02848119
3192.01694119
3250.09181119
3329.07585119
3364.13474119
3466.13476119
3527.19807119
3622.23587119
3683.29918119
3709.26790119
3786.30837119
3808.33631119
3865.35777119
3885.37678119
3988.38597119
4028.42110119
4103.41291119
4175.48951119
4250.48132119
4262.52154119
4353.49051119
4377.54848119
4466.57457119
4514.60739119
4537.61168119
4608.64879119
4613.67580119
4716.68499119
4755.71720119
4819.69418119
4826.75431119
4950.73467119
4957.79480119
5051.78235119
5054.84756119
5148.83511119
5201.91597119
5235.86714119
5330.95856119
5364.90973119
5477.99379119
5478.02697119
5593.05391119
5641.05712119
5650.07537119
5769.11570119
5778.17033119
5932.17903119
5941.23366119
6040.30207119
6060.23761119
6131.27472119
6169.34466119
6294.33805119
6306.40357119
6397.34724119
6434.46215119
6510.43130119
6611.47898119
6620.54146119
6714.48817119
6767.60987119
6813.55658119
6904.66878119
6941.61516119
7012.65227119
7051.73719119
7149.71118119
7150.80560119
7220.74829119
7278.86418119
7323.75748119
7394.79459119
7415.92309119
7523.83718119
7529.00715119
7654.87767119
7660.04764119
7788.10622119
7791.93658119
7916.20118119
7919.99516119
8044.25976119
8048.09012119
8176.14870119
8181.31867119
8307.18919119
8312.35916119
8420.27325119
8441.40175119
8512.43886119
8557.33216119
8615.44805119
8685.39074119
8686.48516119
8784.45915119
8823.54407119
8894.58118119
8931.52756119
9022.63976119
9068.58647119
9121.70817119
9215.65488119
9224.71736119
9325.76504119
9401.73419119
9438.84910119
9529.79277119
9541.85829119
9666.85168119
9704.92162119
9775.95873119
9795.89427119
9894.96268119
9904.01731119
10058.0260112
10067.0806412
10186.1209712
10195.1392212
10243.1424312
10358.1693712
10358.2025512
10471.2866112
10505.2377812
10600.3292012
10634.2803712
10687.3612312
10781.3487812
10784.4139912
10878.4015412
10885.4616712
11009.4420312
11016.5021612
11080.4791412
11119.5113512
11222.5205412
11227.5475512
11298.5846612
11321.5889512
11369.6217712
11458.6478612
11482.7058312
11573.6748012
11585.7150212
11660.7068312
11732.7834312
11807.7752412
11847.8103712
11950.8195612
11970.8385712
12027.8600312
12049.8879712
12126.9284412
12152.8971612
12213.9604712
12308.9982712
12370.0615812
12472.0616012
12507.1204912
12586.1045312
12644.1794012
12749.1678612
12775.2198912
12862.2519212
