924
554 594
509 433
807 635
599 357
57 443
564 318
91 49
435 93
41 31
253 546
155 778
712 169
10 29
425 215
89 132
191 334
199 112
293 422
432 543
407 186
695 231
352 308
665 50
333 83
780 803
256 302
104 3
71 672
135 315
220 563
592 224
249 294
56 143
52 74
513 6
275 56
277 83
783 214
69 70
433 209
275 752
257 274
204 717
202 376
43 505
288 679
310 274
12 212
47 453
467 821
41 81
587 274
80 800
261 313
52 97
139 437
49 823
181 10
848 572
467 574
25 71
395 175
552 174
26 245
566 44
144 133
193 607
741 796
53 28
584 428
483 545
81 84
279 844
889 458
11 23
313 382
446 396
106 687
15 216
84 100
343 70
388 169
708 524
612 193
313 723
227 226
634 869
167 84
838 168
569 486
6 37
3 82
77 51
670 256
151 107
5 237
837 186
547 715
191 370
659 489
549 531
27 626
16 593
521 709
154 467
76 391
815 863
309 341
172 57
769 37
621 79
7 1
618 652
686 278
67 27
268 887
864 108
319 693
298 581
64 62
3 15
213 347
440 422
10 25
619 776
46 68
20 281
18 2
41 290
609 855
922 314
689 106
582 151
192 35
194 882
743 95
121 378
57 89
126 220
636 771
163 31
51 722
623 446
364 174
748 373
691 232
34 113
129 116
768 365
14 405
456 118
72 507
86 66
533 135
15 416
739 393
3 288
181 459
302 410
83 150
13 20
248 198
247 15
427 737
804 392
602 52
101 107
496 815
683 665
702 704
574 749
162 286
488 194
98 423
94 38
702 586
435 578
30 486
763 766
59 99
730 394
559 548
103 203
130 253
50 58
173 20
285 32
136 12
165 139
188 63
234 912
110 25
11 10
442 840
595 833
269 12
280 567
228 24
40 371
641 252
72 850
174 170
38 283
329 627
290 924
237 883
846 197
148 15
143 232
2 802
50 273
355 344
700 444
121 328
183 180
176 159
388 656
401 525
659 795
499 431
189 194
290 320
384 547
719 127
647 817
653 826
449 31
421 370
900 743
29 419
463 707
8 48
449 727
921 839
508 238
183 454
187 41
361 254
25 470
3 4
146 26
160 284
92 57
296 145
104 208
3 12
13 115
518 164
439 479
359 204
450 191
551 132
248 408
118 41
156 498
520 448
154 480
340 904
682 774
529 124
234 161
264 460
565 824
308 177
38 10
86 142
162 16
262 536
684 565
44 324
211 154
240 289
69 550
54 22
129 747
814 513
466 214
249 575
576 780
506 330
314 512
53 72
677 399
24 306
336 609
159 66
123 90
412 22
418 902
149 53
201 307
2 3
389 72
26 908
158 129
244 76
59 204
15 33
19 4
152 260
202 21
535 172
791 520
773 485
610 49
447 47
410 491
56 41
430 407
5 4
230 438
249 186
744 211
832 854
98 84
312 180
445 281
326 418
44 50
87 792
221 107
414 799
368 301
527 294
242 136
491 631
676 424
918 223
897 521
674 342
632 368
551 657
59 179
639 517
862 892
548 507
517 28
395 856
49 317
317 663
703 907
265 866
858 269
349 458
806 422
176 351
303 231
152 532
758 520
223 357
460 562
120 510
270 250
820 566
16 31
429 478
263 673
82 109
318 514
909 879
413 173
757 829
625 603
19 647
50 90
169 153
446 718
386 801
172 184
248 596
193 189
327 93
865 72
59 43
203 218
349 57
1 279
234 857
893 495
877 319
74 753
860 222
830 586
74 139
224 571
196 278
391 646
125 226
188 642
44 22
61 31
586 664
32 157
368 688
816 404
40 36
213 137
189 119
614 129
436 145
157 501
133 914
379 873
606 169
352 644
264 519
716 658
27 762
230 98
193 250
383 212
813 248
182 66
239 540
95 58
797 245
650 649
321 5
462 184
473 177
153 342
75 79
601 495
114 18
120 14
653 916
32 36
435 798
51 367
795 894
560 842
184 913
510 910
661 6
117 73
427 150
330 28
196 487
386 750
427 469
655 342
135 898
16 3
318 209
577 234
129 160
634 724
251 36
109 316
583 578
576 67
28 25
41 390
173 468
643 136
310 439
177 560
896 345
621 775
871 799
190 271
534 242
435 660
629 112
8 46
46 133
22 14
812 775
103 93
845 826
46 891
107 130
311 284
231 233
669 694
452 433
483 368
287 99
35 14
470 711
399 390
13 11
764 514
782 469
851 459
343 713
481 790
313 490
445 618
705 116
120 207
309 199
240 96
367 396
465 194
441 494
400 114
710 120
159 197
872 865
742 606
301 42
518 558
126 80
6 108
6 55
394 250
177 374
885 105
180 16
22 106
616 563
118 196
652 675
322 218
336 835
402 347
112 6
233 484
822 277
506 636
101 13
554 296
61 152
344 159
305 21
920 532
282 611
431 217
753 757
380 613
219 212
768 793
39 24
129 544
548 741
237 557
681 50
64 475
628 566
662 491
96 638
383 472
876 3
853 850
224 116
65 541
109 589
335 11
107 127
132 300
92 125
282 843
522 407
635 147
706 432
432 41
353 375
48 80
135 205
154 71
730 811
424 46
141 80
378 381
365 292
105 134
50 191
895 808
33 267
182 297
236 227
463 531
17 105
129 697
509 542
235 870
151 429
93 73
878 386
549 649
161 624
92 186
62 353
241 392
112 580
149 888
235 232
122 10
770 75
455 232
37 379
42 241
272 160
836 585
292 380
347 698
759 532
5 6
274 471
360 373
645 501
640 183
331 319
236 496
409 266
107 903
591 311
853 899
86 262
476 590
358 357
386 55
401 186
530 71
332 135
161 5
312 658
489 121
847 337
137 51
18 88
28 356
690 160
841 76
34 121
51 145
586 90
168 818
917 45
325 538
526 464
506 651
671 645
725 223
442 224
128 243
21 8
376 825
350 104
231 760
247 492
44 397
345 273
126 648
134 819
242 263
40 66
267 572
237 620
617 375
72 295
209 3
361 772
232 637
4 119
622 740
67 304
404 122
287 680
262 600
441 65
457 511
292 86
8 9
763 540
915 163
372 239
337 327
617 789
682 890
765 64
784 278
232 417
805 525
481 307
416 608
633 600
451 261
510 733
180 787
74 75
579 430
264 162
736 53
175 4
329 2
55 338
720 738
166 168
555 284
923 382
323 143
188 291
23 164
500 43
48 57
414 191
49 153
172 276
22 52
12 47
785 447
75 78
217 181
32 16
28 63
186 265
109 906
268 366
142 794
198 150
477 207
26 523
745 423
377 493
815 874
728 621
268 504
171 80
905 873
515 111
253 385
777 296
281 463
110 215
74 726
27 2
561 25
94 810
118 485
78 259
128 63
129 605
127 225
257 18
521 423
23 73
178 55
393 183
282 226
608 834
37 266
153 229
8 14
83 48
875 63
268 57
359 464
553 373
177 761
10 5
72 746
222 398
369 250
786 372
552 732
461 249
597 281
781 298
325 251
827 736
446 808
568 85
114 255
682 399
767 214
476 44
155 58
735 307
29 51
83 195
145 588
668 29
298 142
653 133
140 123
354 102
696 249
121 619
427 667
428 245
406 4
336 318
1 26
570 142
270 444
703 450
58 166
542 565
360 50
483 573
384 355
10 731
511 881
440 685
525 622
50 239
58 223
77 124
868 793
185 32
62 52
299 28
593 867
1 2
271 346
187 901
51 131
539 598
139 280
293 176
315 654
116 81
32 65
718 879
85 138
482 105
729 734
409 779
118 170
495 78
340 286
252 314
750 754
811 862
33 258
701 644
403 371
497 7
466 502
185 348
112 326
87 755
58 448
124 503
183 831
102 5
339 34
498 886
420 29
10 692
42 15
16 919
62 96
98 861
246 168
751 705
184 528
261 200
210 238
73 111
95 135
539 47
89 252
756 643
48 615
237 828
387 136
859 614
76 1
259 585
44 69
43 27
678 261
17 13
849 14
24 8
7 87
537 507
23 45
604 292
236 411
27 434
85 60
190 147
415 231
60 59
319 207
49 8
411 880
231 13
4 147
30 16
7 8
429 729
181 222
96 256
595 445
603 65
200 14
221 884
406 426
11 457
362 61
591 852
788 515
57 177
69 556
