1183.20403674
1286.21322674
1417.25371674
1545.34867674
1632.38070674
1761.42329674
1874.50735674
2002.56593674
2105.57512674
2261.67623674
2362.72391674
2476.76684674
2607.80733674
2722.83427674
2779.85573674
2882.86492674
2996.90785674
3099.91704674
3170.95415674
3318.02256674
3432.06549674
3618.14480674
3719.19248674
3776.21394674
3833.23540674
3948.26234674
4076.35730674
4191.38424674
4294.39343674
4381.42546674
4438.44692674
4551.53098674
4698.59939674
4826.65797674
4883.67943674
4996.76349674
5097.81117674
5200.82036674
5329.86295674
5428.93136674
5529.97904674
5631.02672674
5768.08563674
5867.15404674
5982.18098674
6110.27594674
6213.28513674
6310.33789674
6423.42195674
6494.45906674
6650.56017674
6778.65513674
6941.71846674
7127.79777674
7214.82980674
7361.89821674
7458.95097674
7587.99356674
7689.04124674
7875.12055674
7978.12974674
8107.17233674
8235.26729674
8366.30778674
8437.34489674
8593.44600674
8721.54096674
8907.62027674
9022.64721674
9135.73127674
9272.79018674
9419.85859674
9605.93790674
9702.99066674
9818.01760674
9931.10166674
10087.2027767
10250.2661067
10364.3090367
10478.3519667
10607.3945567
